50 50
73 26 79 32 85 38 91 44 97 50 3 56 9 62 15 68 21 74 27 80 33 86 39 92 45 98 51 4 57 10 63 16 69 22 75 28 81 34 87 40 93 46 99 52 5 58 11 64 17 70
26 35 36 9 40 15 20 41 64 75 60 5 96 19 60 5 40 51 24 45 0 75 56 29 80 95 60 61 84 15 40 45 16 39 0 85 80 71 44 85 80 15 76 49 20 75 0 81 4 55
79 12 17 72 43 2 21 72 27 58 37 36 27 82 73 72 51 82 37 88 7 66 37 92 3 42 81 92 47 18 77 96 47 2 33 12 11 2 57 48 47 26 57 12 63 82 41 12 67 78
32 51 28 21 94 99 94 37 86 99 34 49 2 51 54 69 54 67 66 9 54 59 82 81 14 39 14 97 46 19 74 69 62 11 74 9 74 27 26 29 94 79 42 41 34 79 34 57 6 39
85 52 63 62 93 6 39 36 41 98 51 44 21 26 3 96 49 6 11 8 41 54 91 96 13 86 59 76 81 18 31 64 61 66 23 76 69 46 51 28 21 74 31 36 33 66 79 16 21 38
38 15 22 89 46 23 56 69 92 55 88 21 84 7 20 53 36 99 72 85 68 51 64 37 0 83 16 29 52 15 48 81 44 67 80 13 96 59 32 45 28 11 24 97 60 43 76 89 12 75
91 40 5 2 47 56 45 36 39 70 45 80 91 94 5 40 15 46 49 40 35 50 1 4 75 30 85 56 59 10 25 20 11 14 45 20 55 66 69 80 15 90 21 24 15 10 25 76 79 50
44 27 12 1 96 99 12 37 82 43 22 21 42 87 58 57 86 47 42 73 42 51 2 97 38 27 66 57 2 3 62 81 62 7 18 97 46 67 62 33 82 11 22 17 98 67 26 77 22 63
97 76 43 86 93 52 51 78 21 74 19 44 37 86 79 4 49 2 51 84 89 54 67 16 89 74 59 32 81 94 59 64 97 46 99 44 69 62 11 4 29 74 27 76 9 14 79 92 41 14
50 87 98 57 38 15 62 53 62 63 36 49 76 91 68 81 4 11 76 73 76 59 96 61 28 71 64 81 96 83 16 69 16 31 88 61 24 51 16 93 56 79 36 1 48 51 84 21 36 3
3 60 77 14 31 88 45 62 99 16 73 36 59 2 25 88 51 74 17 40 3 66 89 32 55 18 81 4 47 70 33 96 19 62 85 48 11 34 77 0 63 26 49 92 15 78 41 64 7 30
56 95 80 57 72 71 0 5 32 27 36 5 86 19 50 25 90 91 74 85 70 75 46 29 70 15 10 1 34 55 10 45 6 39 90 5 30 11 94 25 50 15 66 49 10 95 50 21 54 95
9 92 7 86 61 64 27 82 61 96 19 62 57 42 43 92 21 62 47 8 77 86 67 52 73 62 51 72 57 38 47 16 77 62 3 32 81 82 67 68 17 46 87 72 33 2 11 92 77 98
62 51 58 1 98 67 26 93 86 23 22 1 78 71 4 89 44 87 36 9 24 99 52 1 64 59 4 17 16 19 44 9 32 31 24 29 64 47 96 29 64 19 12 61 84 99 24 77 76 39
15 72 33 2 83 80 97 38 7 8 45 22 43 12 33 16 59 66 41 88 11 14 1 76 43 6 69 36 11 98 1 24 71 46 53 96 79 6 81 8 91 34 41 16 63 86 89 76 51 18
68 55 32 89 16 3 40 17 24 51 88 25 52 59 36 73 66 99 62 45 38 31 14 77 10 3 46 29 42 75 18 61 94 7 90 33 26 59 22 5 98 91 74 37 70 63 6 89 2 35
21 0 55 62 97 36 55 30 37 52 51 10 5 12 7 66 65 86 99 80 5 50 91 4 65 50 35 96 9 50 95 20 1 14 35 40 5 6 19 20 85 90 11 24 5 30 75 16 29 90
74 7 2 21 26 79 42 77 46 11 34 77 2 71 46 89 62 27 52 93 12 71 32 57 8 47 36 37 12 23 32 1 92 67 88 17 16 47 72 53 52 31 52 77 68 87 96 57 32 83
27 76 73 66 3 32 1 58 51 28 37 26 43 36 53 42 51 28 21 84 59 94 37 36 39 94 49 52 51 94 29 4 67 66 49 64 59 82 81 4 99 14 97 96 59 34 69 12 11 14
80 7 68 97 28 95 32 73 52 3 60 57 28 7 28 25 32 83 12 53 46 19 6 41 58 91 74 41 26 63 86 29 26 11 18 81 34 11 46 73 26 39 46 81 78 71 94 81 66 83
33 0 87 14 1 68 35 22 49 36 3 70 57 84 71 38 5 92 19 6 73 46 39 72 65 38 11 4 37 30 3 76 69 2 95 68 41 34 67 60 33 6 99 32 25 98 71 64 97 90
86 55 30 17 22 51 10 5 42 27 66 65 30 67 82 81 70 55 42 37 46 75 36 29 60 35 60 41 84 95 80 45 96 39 80 25 80 51 44 65 20 15 56 49 0 15 0 61 4 35
39 72 97 6 91 44 57 22 31 76 49 42 47 56 61 54 27 72 81 46 59 12 97 12 43 82 21 52 67 58 17 36 7 22 73 52 51 62 77 88 87 66 17 32 3 22 81 72 87 18
92 51 88 81 8 47 76 73 16 83 52 1 8 51 8 57 76 43 36 33 12 51 28 21 14 79 94 37 86 19 14 49 2 51 74 49 54 67 66 29 34 59 82 81 34 19 14 97 46 39
45 92 3 42 73 60 67 58 97 48 75 42 13 52 23 90 17 68 7 98 5 92 23 62 73 26 79 96 41 78 71 84 81 26 83 16 89 66 11 88 61 94 51 96 93 6 99 36 81 98
98 95 42 89 86 83 30 77 74 71 18 65 62 59 6 53 50 47 94 41 38 35 82 29 26 23 76 29 32 35 88 41 44 47 0 53 56 59 12 65 68 71 24 77 80 83 36 89 92 95
51 60 5 22 47 16 65 30 47 52 81 70 55 72 57 46 75 80 97 62 11 80 5 22 67 76 85 36 59 90 65 20 91 14 25 60 55 46 69 60 55 90 1 24 95 50 25 56 79 30
4 87 92 41 56 59 72 17 16 91 64 57 92 91 76 69 92 67 16 61 24 27 92 41 96 79 12 17 22 43 2 21 22 27 58 37 86 27 82 73 22 51 82 37 38 7 66 37 42 3
57 76 3 46 13 12 51 38 81 88 67 26 73 16 63 22 1 8 51 38 77 76 43 86 13 32 51 78 21 94 99 44 37 86 99 84 49 2 51 4 69 54 67 16 9 54 59 32 81 14
10 27 38 37 18 75 2 93 42 43 90 77 98 47 18 5 2 3 2 93 70 27 58 57 18 35 2 13 62 43 56 89 36 91 48 1 44 71 76 53 96 99 56 61 8 91 4 41 96 63
63 40 97 14 71 48 25 82 99 56 33 10 67 84 41 18 95 52 69 26 3 80 37 54 11 88 65 22 39 96 73 56 19 42 5 88 71 34 57 20 3 86 49 72 35 18 1 64 87 50
16 15 80 77 72 31 20 5 52 27 96 25 80 27 32 61 80 55 52 37 76 35 80 77 92 91 40 5 52 47 56 45 86 39 70 45 30 91 94 5 90 15 46 49 90 35 50 1 54 75
69 52 87 26 21 24 87 62 1 56 79 22 37 76 91 34 57 12 51 26 89 92 87 26 61 44 27 62 1 96 99 62 37 82 43 72 21 42 87 8 57 86 47 92 73 42 51 52 97 38
22 51 18 61 18 27 26 53 46 43 82 1 38 31 18 37 26 23 66 93 42 51 58 1 18 47 26 93 86 43 2 1 78 71 24 69 44 87 36 29 4 99 52 1 84 39 4 17 16 39
75 12 73 82 63 40 37 78 87 88 5 62 83 92 13 70 87 88 97 38 35 12 93 2 63 0 37 98 7 88 65 62 3 12 13 36 99 26 41 68 31 54 61 76 23 26 9 96 11 78
28 35 52 89 56 63 20 37 24 91 48 5 72 59 76 33 40 7 44 61 68 75 92 29 96 3 60 77 64 31 88 45 12 99 16 73 86 59 2 25 38 51 74 17 90 3 66 89 82 55
81 20 55 82 97 96 75 30 57 52 11 30 5 32 7 26 85 80 7 62 41 40 55 82 17 56 95 30 57 72 71 50 5 32 27 86 5 86 19 0 25 90 91 24 85 70 75 96 29 70
34 67 82 61 86 39 2 57 86 71 94 37 82 11 6 49 22 7 86 41 54 7 82 61 26 59 42 57 86 11 14 77 82 11 46 69 62 7 92 93 92 71 12 97 8 27 36 17 52 23
87 76 33 26 23 92 1 18 11 48 97 26 3 96 73 2 51 88 81 98 7 76 73 66 23 12 1 58 51 48 17 26 43 36 73 22 51 28 21 4 39 94 37 36 59 74 49 52 51 14
40 47 8 77 8 55 72 13 32 83 20 97 68 87 8 85 72 23 92 33 0 47 28 97 8 15 72 33 52 83 80 97 88 7 8 45 72 43 12 33 66 59 66 41 38 11 14 1 26 43
93 80 7 14 41 28 15 42 49 76 63 50 77 84 11 98 85 12 19 46 33 20 47 54 81 68 55 82 89 16 3 90 17 24 51 38 25 52 59 86 73 66 99 12 45 38 31 64 77 10
46 75 30 37 22 11 30 5 62 27 26 85 30 87 82 41 90 55 62 37 6 95 30 37 42 71 50 5 62 47 86 5 30 87 2 1 10 55 62 57 66 15 36 49 80 55 0 41 4 15
99 32 77 46 51 4 17 2 71 36 9 2 27 96 21 14 87 52 21 6 19 72 77 46 91 24 57 2 71 76 29 42 27 96 61 34 27 52 21 46 39 12 77 52 43 62 21 32 7 58
52 51 48 41 28 7 76 33 76 3 12 1 68 11 28 17 76 3 96 53 72 51 88 81 28 27 76 73 16 3 32 1 8 51 28 37 76 43 36 53 92 51 28 21 34 59 94 37 86 39
5 32 43 22 53 20 7 98 77 28 35 82 53 32 3 50 57 8 87 78 65 32 63 42 53 80 7 18 97 28 95 82 73 52 3 10 57 28 7 78 25 32 83 62 53 46 19 56 41 58
58 75 62 89 26 43 10 97 74 11 78 45 82 59 46 13 30 67 94 81 98 15 2 29 66 83 50 37 14 51 18 85 22 99 86 53 70 7 34 21 38 55 42 69 6 23 96 89 72 15
11 80 5 42 47 76 85 30 67 52 41 90 55 92 57 6 95 80 17 62 71 0 5 42 67 36 5 30 67 72 1 10 55 92 77 66 15 80 17 82 31 20 5 42 87 96 25 36 79 10
64 47 72 81 16 19 32 97 56 51 24 17 72 31 36 29 52 47 56 21 84 87 72 81 56 39 72 97 56 91 44 57 72 31 76 49 92 47 56 61 4 27 72 81 96 59 12 97 62 43
17 76 63 6 33 72 51 98 41 8 27 26 33 76 83 82 1 68 11 58 37 76 3 46 33 92 51 38 81 8 47 26 73 16 83 2 1 8 51 58 57 76 43 86 33 12 51 78 21 14
70 67 78 17 98 35 42 33 22 23 50 17 38 27 98 65 42 43 82 73 30 67 98 37 98 95 42 53 42 23 10 17 58 47 98 25 42 63 2 73 90 67 18 57 98 55 42 73 62 23
